chr	0	40	39047.3152202	12061.808515	89797.454603
chr	40	100	33335.7828311	12061.808515	89797.454603
chr	100	120	35141.9692416	12061.808515	89797.454603
chr	120	160	35141.9692416	12061.808515	89797.454603
chr	160	180	33119.8835622	12061.808515	89797.454603
chr	180	200	32308.4314839	12061.808515	89797.454603
chr	200	280	29291.6114722	12061.808515	89797.454603
chr	280	320	29291.6114722	12061.808515	89797.454603
chr	320	360	29291.6114722	12061.808515	89797.454603
chr	360	480	29291.6114722	12061.808515	89797.454603
chr	480	580	26596.8990948	12061.808515	60155.618452
chr	580	600	26596.8990948	12061.808515	60155.618452
chr	600	740	24790.7126843	12061.808515	40287.567936
chr	740	780	23882.2651303	8051.702368	40287.567936
chr	780	800	23882.2651303	8051.702368	40287.567936
chr	800	820	23338.3726805	8051.702368	40287.567936
chr	820	840	24246.8202345	12061.808515	40287.567936
chr	840	960	24246.8202345	12061.808515	40287.567936
chr	960	1220	24246.8202345	12061.808515	40287.567936
chr	1220	1300	24246.8202345	12061.808515	40287.567936
chr	1300	1440	24246.8202345	12061.808515	40287.567936
chr	1440	1460	28747.7190225	12061.808515	89797.454603
chr	1460	1520	28747.7190225	12061.808515	89797.454603
chr	1520	1600	28747.7190225	12061.808515	89797.454603
chr	1600	1820	26053.0066451	12061.808515	60155.618452
chr	1820	1920	26053.0066451	12061.808515	60155.618452
chr	1920	1980	26053.0066451	12061.808515	60155.618452
chr	1980	2000	22224.7345551	12061.808515	40287.567936
chr	2000	2140	21316.2870011	8051.702368	40287.567936
chr	2140	2420	21316.2870011	8051.702368	40287.567936
chr	2420	2460	18750.3088719	8051.702368	26970.598323
chr	2460	2600	18750.3088719	8051.702368	26970.598323
chr	2600	2700	18750.3088719	8051.702368	26970.598323
chr	2700	2820	18750.3088719	8051.702368	26970.598323
chr	2820	2880	18750.3088719	8051.702368	26970.598323
chr	2880	2960	18750.3088719	8051.702368	26970.598323
chr	2960	2980	20772.3945514	8051.702368	40287.567936
chr	2980	3040	20772.3945514	8051.702368	40287.567936
chr	3040	3100	20772.3945514	8051.702368	40287.567936
chr	3100	3180	19561.7609502	8051.702368	26970.598323
chr	3180	3280	19561.7609502	8051.702368	26970.598323
chr	3280	3340	19561.7609502	8051.702368	26970.598323
chr	3340	3500	20917.1054782	8051.702368	26970.598323
chr	3500	3540	20917.1054782	8051.702368	26970.598323
chr	3540	3800	20917.1054782	8051.702368	26970.598323
chr	3800	3840	22127.7390794	8051.702368	40287.567936
chr	3840	3940	26628.6378673	8051.702368	89797.454603
chr	3940	4000	20917.1054782	8051.702368	26970.598323
chr	4000	4100	20917.1054782	8051.702368	26970.598323
chr	4100	4380	20917.1054782	8051.702368	26970.598323
chr	4380	4460	21728.5575565	8051.702368	26970.598323
chr	4460	4620	21728.5575565	8051.702368	26970.598323
chr	4620	4860	21728.5575565	8051.702368	26970.598323
chr	4860	4880	25556.8296465	8051.702368	60155.618452
chr	4880	4980	25556.8296465	8051.702368	60155.618452
chr	4980	5020	28251.5420238	8051.702368	89797.454603
chr	5020	5120	25556.8296465	8051.702368	60155.618452
chr	5120	5400	23750.6432359	8051.702368	40287.567936
chr	5400	5540	23750.6432359	8051.702368	40287.567936
chr	5540	5640	26316.6213651	8051.702368	40287.567936
chr	5640	5740	26316.6213651	8051.702368	40287.567936
chr	5740	5880	28122.8077756	8051.702368	60155.618452
chr	5880	5900	28122.8077756	8051.702368	60155.618452
chr	5900	5960	26316.6213651	8051.702368	40287.567936
chr	5960	6000	27527.2549663	8051.702368	40287.567936
chr	6000	6058	27527.2549663	8051.702368	40287.567936
chr	6058	6078	29333.4413768	8051.702368	60155.618452
chr	6078	6520	28521.9892985	8051.702368	60155.618452
chr	6520	6540	24149.8247588	8051.702368	40287.567936
chr	6540	6560	18873.1575736	8051.702368	40287.567936
chr	6560	6580	18873.1575736	8051.702368	40287.567936
chr	6580	6620	18873.1575736	8051.702368	40287.567936
chr	6620	6700	18873.1575736	8051.702368	40287.567936
chr	6700	6740	18873.1575736	8051.702368	40287.567936
chr	6740	6760	18873.1575736	8051.702368	40287.567936
chr	6760	6780	18061.7054954	8051.702368	40287.567936
chr	6780	6800	18061.7054954	8051.702368	40287.567936
chr	6800	6840	15495.7273662	8051.702368	26970.598323
chr	6840	7100	15495.7273662	8051.702368	26970.598323
chr	7100	7140	15495.7273662	8051.702368	26970.598323
chr	7140	7160	15495.7273662	8051.702368	26970.598323
chr	7160	7180	15495.7273662	8051.702368	26970.598323
chr	7180	7200	15495.7273662	8051.702368	26970.598323
chr	7200	7260	28612.2209854	8051.702368	60155.618452
chr	7260	7340	28612.2209854	8051.702368	60155.618452
chr	7340	7580	28612.2209854	8051.702368	60155.618452
chr	7580	7640	28612.2209854	8051.702368	60155.618452
chr	7640	7660	28612.2209854	8051.702368	60155.618452
chr	7660	7780	28068.3285356	8051.702368	60155.618452
chr	7780	7840	28068.3285356	8051.702368	60155.618452
chr	7840	7860	26262.1421251	8051.702368	60155.618452
chr	7860	7980	25051.5085239	8051.702368	60155.618452
chr	7980	8060	25051.5085239	8051.702368	60155.618452
chr	8060	8100	21223.2364339	8051.702368	60155.618452
chr	8100	8340	23917.9488113	8051.702368	89797.454603
chr	8340	8360	25128.5824125	8051.702368	89797.454603
chr	8360	8400	25128.5824125	8051.702368	89797.454603
chr	8400	8460	22433.8700351	8051.702368	60155.618452
chr	8460	8500	22069.3149308	8051.702368	60155.618452
chr	8500	8560	20858.6813296	8051.702368	60155.618452
chr	8560	8680	20858.6813296	8051.702368	60155.618452
chr	8680	8740	20129.5711211	8051.702368	60155.618452
chr	8740	8840	20129.5711211	8051.702368	60155.618452
chr	8840	8980	20129.5711211	8051.702368	60155.618452
chr	8980	9060	16301.2990311	8051.702368	26970.598323
chr	9060	9100	16301.2990311	8051.702368	26970.598323
chr	9100	9260	16301.2990311	8051.702368	26970.598323
chr	9260	9300	16301.2990311	8051.702368	26970.598323
chr	9300	9420	16301.2990311	8051.702368	26970.598323
chr	9420	9660	16301.2990311	8051.702368	26970.598323
chr	9660	9700	16301.2990311	8051.702368	26970.598323
chr	9700	9760	16301.2990311	8051.702368	26970.598323
chr	9760	9860	15489.8469528	8051.702368	26970.598323
chr	9860	9980	15489.8469528	8051.702368	26970.598323
chr	9980	10280	15489.8469528	8051.702368	26970.598323
chr	10280	10320	14678.3948745	8051.702368	26970.598323
chr	10320	10380	14678.3948745	8051.702368	26970.598323
chr	10380	10640	14134.5024248	8051.702368	26970.598323
chr	10640	10820	15228.1677376	8051.702368	26970.598323
chr	10820	11000	17250.2534171	8051.702368	40287.567936
chr	11000	11140	17250.2534171	8051.702368	40287.567936
chr	11140	11240	18460.8870183	8051.702368	40287.567936
chr	11240	11380	18460.8870183	8051.702368	40287.567936
chr	11380	11500	23048.9508269	8051.702368	40287.567936
chr	11500	11520	24855.1372375	8051.702368	60155.618452
chr	11520	11540	24855.1372375	8051.702368	60155.618452
chr	11540	11640	26877.2229169	8051.702368	60155.618452
chr	11640	11740	25666.5893157	8051.702368	60155.618452
chr	11740	11800	23644.5036363	8051.702368	60155.618452
chr	11800	11860	23644.5036363	8051.702368	60155.618452
chr	11860	11900	20627.6836245	8051.702368	40287.567936
chr	11900	12060	22433.8700351	8051.702368	60155.618452
chr	12060	12080	20627.6836245	8051.702368	40287.567936
chr	12080	12240	20627.6836245	8051.702368	40287.567936
chr	12240	12280	20627.6836245	8051.702368	40287.567936
chr	12280	12420	20627.6836245	8051.702368	40287.567936
chr	12420	12480	20627.6836245	8051.702368	40287.567936
chr	12480	12620	27150.6680919	8051.702368	89797.454603
chr	12620	12660	25128.5824125	8051.702368	89797.454603
chr	12660	12718	23106.496733	8051.702368	89797.454603
chr	12718	12780	23106.496733	8051.702368	89797.454603
chr	12780	12820	23106.496733	8051.702368	89797.454603
chr	12820	12900	17938.8567936	8051.702368	26970.598323
chr	12900	12960	17127.4047154	8051.702368	26970.598323
chr	12960	13060	15772.0601874	8051.702368	26970.598323
chr	13060	13260	15772.0601874	8051.702368	26970.598323
chr	13260	13600	15772.0601874	8051.702368	26970.598323
chr	13600	13700	16583.5122656	8051.702368	26970.598323
chr	13700	14320	16583.5122656	8051.702368	26970.598323
chr	14320	14440	16583.5122656	8051.702368	26970.598323
chr	14440	14580	16583.5122656	8051.702368	26970.598323
chr	14580	14900	16583.5122656	8051.702368	26970.598323
chr	14900	15120	16583.5122656	8051.702368	26970.598323
chr	15120	15140	16583.5122656	8051.702368	26970.598323
chr	15140	15520	16583.5122656	8051.702368	26970.598323
chr	15520	16020	18206.4164222	8051.702368	26970.598323
chr	16020	16120	19417.0500234	8051.702368	40287.567936
chr	16120	16200	22433.8700351	8051.702368	60155.618452
chr	16200	16260	27694.5605416	8051.702368	89797.454603
chr	16260	16340	27694.5605416	8051.702368	89797.454603
chr	16340	16440	27694.5605416	8051.702368	89797.454603
chr	16440	16780	23193.6617537	8051.702368	40287.567936
chr	16780	16820	28905.1941428	8051.702368	89797.454603
chr	16820	16940	28905.1941428	8051.702368	89797.454603
chr	16940	16980	32925.5293385	8051.702368	134021.141756
chr	16980	17060	26210.4817655	8051.702368	60155.618452
chr	17060	17100	27021.9338437	8051.702368	60155.618452
chr	17100	17120	27021.9338437	8051.702368	60155.618452
chr	17120	17180	28828.1202543	8051.702368	60155.618452
chr	17180	17240	27021.9338437	8051.702368	60155.618452
chr	17240	17320	33736.9814168	8051.702368	134021.141756
chr	17320	17440	33736.9814168	8051.702368	134021.141756
chr	17440	17500	27021.9338437	8051.702368	60155.618452
chr	17500	17600	24091.4006103	8051.702368	60155.618452
chr	17600	17660	24091.4006103	8051.702368	60155.618452
chr	17660	18000	24091.4006103	8051.702368	60155.618452
chr	18000	18100	24091.4006103	8051.702368	60155.618452
chr	18100	18140	22285.2141997	8051.702368	40287.567936
chr	18140	18400	24091.4006103	8051.702368	60155.618452
chr	18400	18560	24091.4006103	8051.702368	60155.618452
chr	18560	18600	24091.4006103	8051.702368	60155.618452
chr	18600	18720	22285.2141997	8051.702368	40287.567936
chr	18720	18780	22285.2141997	8051.702368	40287.567936
chr	18780	18860	21074.5805985	8051.702368	40287.567936
chr	18860	18900	19052.4949191	8051.702368	40287.567936
chr	18900	18980	19052.4949191	8051.702368	40287.567936
chr	18980	19021	19596.3873688	8051.702368	40287.567936
chr	19021	19041	23424.6594588	8051.702368	60155.618452
chr	19041	19060	23424.6594588	8051.702368	60155.618452
chr	19060	19220	26119.3718362	8051.702368	89797.454603
chr	19220	19320	26119.3718362	8051.702368	89797.454603
chr	19320	19480	30856.0914802	8051.702368	89797.454603
chr	19480	19540	30856.0914802	8051.702368	89797.454603
chr	19540	19580	32662.2778907	8051.702368	89797.454603
chr	19580	19620	33872.9114919	8051.702368	89797.454603
chr	19620	19720	35679.0979025	8051.702368	89797.454603
chr	19720	19800	35679.0979025	8051.702368	89797.454603
chr	19800	19820	38695.9179142	8051.702368	89797.454603
chr	19820	19876	34195.0191263	8051.702368	60155.618452
chr	19876	19896	45646.7863434	12061.808515	134021.141756
chr	19896	19940	45646.7863434	12061.808515	134021.141756
chr	19940	20000	43840.5999328	12061.808515	134021.141756
chr	20000	20160	44652.0520111	12061.808515	134021.141756
chr	20160	20180	45991.4198605	12061.808515	134021.141756
chr	20180	20360	45991.4198605	12061.808515	134021.141756
chr	20360	20380	46802.8719387	12061.808515	134021.141756
chr	20380	20443	43786.051927	12061.808515	134021.141756
chr	20443	20460	41091.3395496	12061.808515	134021.141756
chr	20460	20580	41091.3395496	12061.808515	134021.141756
chr	20580	20660	41091.3395496	12061.808515	134021.141756
chr	20660	20700	41091.3395496	12061.808515	134021.141756
chr	20700	20720	40279.8874714	12061.808515	134021.141756
chr	20720	20740	40279.8874714	12061.808515	134021.141756
chr	20740	20780	40279.8874714	12061.808515	134021.141756
chr	20780	20880	33113.9980157	12061.808515	60155.618452
chr	20880	20900	33113.9980157	12061.808515	60155.618452
chr	20900	20960	31307.8116052	12061.808515	60155.618452
chr	20960	21020	33113.9980157	12061.808515	60155.618452
chr	21020	21120	33113.9980157	12061.808515	60155.618452
chr	21120	21160	34920.1844263	12061.808515	60155.618452
chr	21160	21480	34920.1844263	12061.808515	60155.618452
chr	21480	21500	38825.5304048	12061.808515	89797.454603
chr	21500	21540	42845.8656005	12061.808515	134021.141756
chr	21540	21600	44652.0520111	12061.808515	134021.141756
chr	21600	21720	48557.3979896	12061.808515	134021.141756
chr	21720	21740	54268.9303787	12061.808515	134021.141756
chr	21740	21760	61335.8072958	12061.808515	134021.141756
chr	21760	21800	65836.7060837	12061.808515	134021.141756
chr	21800	21858	76923.9181965	18044.625462	134021.141756
chr	21858	21900	76923.9181965	18044.625462	134021.141756
chr	21900	21940	76923.9181965	18044.625462	134021.141756
chr	21940	22040	72903.5830008	18044.625462	134021.141756
chr	22040	22080	70208.8706235	18044.625462	134021.141756
chr	22080	22120	70208.8706235	18044.625462	134021.141756
chr	22120	22220	74229.2058192	18044.625462	134021.141756
chr	22220	22280	65707.9718355	18044.625462	134021.141756
chr	22280	22340	65707.9718355	18044.625462	134021.141756
chr	22340	22400	61207.0730476	18044.625462	134021.141756
chr	22400	22420	58190.2530359	18044.625462	134021.141756
chr	22420	22640	51883.1678375	18044.625462	134021.141756
chr	22640	22700	51883.1678375	18044.625462	134021.141756
chr	22700	22780	44365.4490378	18044.625462	134021.141756
chr	22780	22900	44365.4490378	18044.625462	134021.141756
chr	22900	22920	43553.9969595	18044.625462	134021.141756
chr	22920	22940	33822.1293747	18044.625462	40287.567936
chr	22940	23040	35628.3157853	18044.625462	60155.618452
chr	23040	23220	34417.6821841	18044.625462	60155.618452
chr	23220	23420	37434.5021958	18044.625462	60155.618452
chr	23420	23580	37434.5021958	18044.625462	60155.618452
chr	23580	23940	35628.3157853	18044.625462	60155.618452
chr	23940	24000	35628.3157853	18044.625462	60155.618452
chr	24000	24020	35628.3157853	18044.625462	60155.618452
chr	24020	24060	35628.3157853	18044.625462	60155.618452
chr	24060	24240	35628.3157853	18044.625462	60155.618452
chr	24240	24260	34417.6821841	18044.625462	60155.618452
chr	24260	24280	34417.6821841	18044.625462	60155.618452
chr	24280	24300	34417.6821841	18044.625462	60155.618452
chr	24300	24320	32611.4957735	18044.625462	40287.567936
chr	24320	24340	30190.2285712	18044.625462	40287.567936
chr	24340	24560	30190.2285712	18044.625462	40287.567936
chr	24560	24620	30190.2285712	18044.625462	40287.567936
chr	24620	24660	28979.59497	18044.625462	40287.567936
chr	24660	24780	28979.59497	18044.625462	40287.567936
chr	24780	24840	28979.59497	18044.625462	40287.567936
chr	24840	24980	30785.7813805	18044.625462	60155.618452
chr	24980	25100	33207.0485829	18044.625462	60155.618452
chr	25100	25120	33207.0485829	18044.625462	60155.618452
chr	25120	25240	33207.0485829	18044.625462	60155.618452
chr	25240	25280	33207.0485829	18044.625462	60155.618452
chr	25280	25380	35229.1342624	18044.625462	60155.618452
chr	25380	25400	35229.1342624	18044.625462	60155.618452
chr	25400	25440	35229.1342624	18044.625462	60155.618452
chr	25440	25560	36040.5863406	26970.598323	60155.618452
chr	25560	25740	39057.4063524	26970.598323	60155.618452
chr	25740	25760	39057.4063524	26970.598323	60155.618452
chr	25760	25780	39057.4063524	26970.598323	60155.618452
chr	25780	25820	45772.4539255	26970.598323	134021.141756
chr	25820	25840	45772.4539255	26970.598323	134021.141756
chr	25840	25960	45772.4539255	26970.598323	134021.141756
chr	25960	26000	41752.1187297	26970.598323	89797.454603
chr	26000	26020	46253.0175176	26970.598323	89797.454603
chr	26020	26040	46253.0175176	26970.598323	89797.454603
chr	26040	26060	49269.8375294	26970.598323	89797.454603
chr	26060	26080	49269.8375294	26970.598323	89797.454603
chr	26080	26099	43558.3051403	26970.598323	89797.454603
chr	26099	26180	41752.1187297	26970.598323	89797.454603
chr	26180	26200	40940.6666515	18044.625462	89797.454603
chr	26200	26220	45441.5654394	18044.625462	89797.454603
chr	26220	26264	47247.7518499	18044.625462	89797.454603
chr	26264	26300	48458.3854511	18044.625462	89797.454603
chr	26300	26320	43957.4866632	18044.625462	89797.454603
chr	26320	26420	43957.4866632	18044.625462	89797.454603
chr	26420	26642	43957.4866632	18044.625462	89797.454603
chr	26642	26662	43957.4866632	18044.625462	89797.454603
chr	26662	26680	42746.853062	18044.625462	89797.454603
chr	26680	26720	42746.853062	18044.625462	89797.454603
chr	26720	26740	42746.853062	18044.625462	89797.454603
chr	26740	26860	40940.6666515	18044.625462	89797.454603
chr	26860	26880	40940.6666515	18044.625462	89797.454603
chr	26880	26900	42746.853062	18044.625462	89797.454603
chr	26900	27120	42746.853062	18044.625462	89797.454603
chr	27120	27140	49269.8375294	26970.598323	89797.454603
chr	27140	27200	49269.8375294	26970.598323	89797.454603
chr	27200	27220	53290.1727251	26970.598323	134021.141756
chr	27220	27260	53290.1727251	26970.598323	134021.141756
chr	27260	27280	53290.1727251	26970.598323	134021.141756
chr	27280	27324	51483.9863145	26970.598323	134021.141756
chr	27324	27340	50273.3527134	26970.598323	134021.141756
chr	27340	27380	48467.1663028	26970.598323	134021.141756
chr	27380	27420	48467.1663028	26970.598323	134021.141756
chr	27420	27480	51483.9863145	26970.598323	134021.141756
chr	27480	27580	51483.9863145	26970.598323	134021.141756
chr	27580	27680	42962.7523309	26970.598323	89797.454603
chr	27680	27700	40268.0399535	26970.598323	60155.618452
chr	27700	27740	42074.2263641	26970.598323	60155.618452
chr	27740	27860	42074.2263641	26970.598323	60155.618452
chr	27860	27880	48107.8663875	26970.598323	60155.618452
chr	27880	27916	46897.2327864	26970.598323	60155.618452
chr	27916	27936	46897.2327864	26970.598323	60155.618452
chr	27936	28040	46897.2327864	26970.598323	60155.618452
chr	28040	28100	49591.9451637	26970.598323	89797.454603
chr	28100	28120	56306.9927368	26970.598323	134021.141756
chr	28120	28160	56306.9927368	26970.598323	134021.141756
chr	28160	28245	55096.3591356	26970.598323	134021.141756
chr	28245	28380	55096.3591356	26970.598323	134021.141756
chr	28380	28420	51076.0239399	26970.598323	89797.454603
chr	28420	28500	51076.0239399	26970.598323	89797.454603
chr	28500	28520	52882.2103505	26970.598323	89797.454603
chr	28520	28620	47170.6779614	26970.598323	89797.454603
chr	28620	28700	47170.6779614	26970.598323	89797.454603
chr	28700	28761	45364.4915508	26970.598323	89797.454603
chr	28761	28800	45364.4915508	26970.598323	89797.454603
chr	28800	28840	42669.7791735	26970.598323	60155.618452
chr	28840	29200	42669.7791735	26970.598323	60155.618452
chr	29200	29220	42669.7791735	26970.598323	60155.618452
chr	29220	29299	45364.4915508	26970.598323	89797.454603
chr	29299	29320	48381.3115625	26970.598323	89797.454603
chr	29320	29340	46575.125152	26970.598323	89797.454603
chr	29340	29520	48381.3115625	26970.598323	89797.454603
chr	29520	29600	48381.3115625	26970.598323	89797.454603
chr	29600	29640	48381.3115625	26970.598323	89797.454603
chr	29640	29700	48381.3115625	26970.598323	89797.454603
chr	29700	29720	42074.2263641	26970.598323	60155.618452
chr	29720	29800	42074.2263641	26970.598323	60155.618452
chr	29800	29840	43284.8599653	26970.598323	60155.618452
chr	29840	29860	45091.0463758	26970.598323	60155.618452
chr	29860	29900	45091.0463758	26970.598323	60155.618452
chr	29900	30020	43284.8599653	26970.598323	60155.618452
chr	30020	30100	45091.0463758	26970.598323	60155.618452
chr	30100	30176	40052.1406846	18044.625462	60155.618452
chr	30176	30240	40052.1406846	18044.625462	60155.618452
chr	30240	30340	42746.853062	18044.625462	89797.454603
chr	30340	30380	43957.4866632	18044.625462	89797.454603
chr	30380	30440	46652.1990405	18044.625462	89797.454603
chr	30440	30460	46652.1990405	18044.625462	89797.454603
chr	30460	30560	50480.4711305	26970.598323	89797.454603
chr	30560	30680	50480.4711305	26970.598323	89797.454603
chr	30680	30700	43413.5942135	12061.808515	89797.454603
chr	30700	30800	39585.3221235	12061.808515	89797.454603
chr	30800	30820	48458.3854511	18044.625462	89797.454603
chr	30820	30840	48458.3854511	18044.625462	89797.454603
chr	30840	30920	48458.3854511	18044.625462	89797.454603
chr	30920	30940	51475.2054628	18044.625462	89797.454603
chr	30940	31040	51475.2054628	18044.625462	89797.454603
chr	31040	31060	51475.2054628	18044.625462	89797.454603
chr	31060	31120	51475.2054628	18044.625462	89797.454603
chr	31120	31300	46974.3066749	18044.625462	89797.454603
chr	31300	31440	48780.4930855	18044.625462	89797.454603
chr	31440	31560	48780.4930855	18044.625462	89797.454603
chr	31560	31581	48780.4930855	18044.625462	89797.454603
chr	31581	31700	55495.5406585	18044.625462	134021.141756
chr	31700	31720	51475.2054628	18044.625462	89797.454603
chr	31720	31800	51475.2054628	18044.625462	89797.454603
chr	31800	32000	49669.0190523	18044.625462	89797.454603
chr	32000	32020	46974.3066749	18044.625462	89797.454603
chr	32020	32040	46974.3066749	18044.625462	89797.454603
chr	32040	32160	50802.5787649	26970.598323	89797.454603
chr	32160	32220	50802.5787649	26970.598323	89797.454603
chr	32220	32260	48996.3923544	26970.598323	89797.454603
chr	32260	32360	48996.3923544	26970.598323	89797.454603
chr	32360	32440	46301.679977	26970.598323	60155.618452
chr	32440	32460	46301.679977	26970.598323	60155.618452
chr	32460	32480	42689.3071559	26970.598323	60155.618452
chr	32480	32520	44495.4935665	26970.598323	60155.618452
chr	32520	32580	44495.4935665	26970.598323	60155.618452
chr	32580	32660	44495.4935665	26970.598323	60155.618452
chr	32660	32820	42689.3071559	26970.598323	60155.618452
chr	32820	32960	39672.4871442	26970.598323	60155.618452
chr	32960	33020	39672.4871442	26970.598323	60155.618452
chr	33020	33140	41478.6735547	26970.598323	60155.618452
chr	33140	33240	41478.6735547	26970.598323	60155.618452
chr	33240	33300	49999.9075384	26970.598323	134021.141756
chr	33300	33360	51806.0939489	26970.598323	134021.141756
chr	33360	33520	51806.0939489	26970.598323	134021.141756
chr	33520	33600	51806.0939489	26970.598323	134021.141756
chr	33600	33720	51806.0939489	26970.598323	134021.141756
chr	33720	33740	51806.0939489	26970.598323	134021.141756
chr	33740	33760	53612.2803595	26970.598323	134021.141756
chr	33760	33780	54822.9139606	26970.598323	134021.141756
chr	33780	33820	54822.9139606	26970.598323	134021.141756
chr	33820	33885	54822.9139606	26970.598323	134021.141756
chr	33885	33940	54822.9139606	26970.598323	134021.141756
chr	33940	33980	54822.9139606	26970.598323	134021.141756
chr	33980	34000	54822.9139606	26970.598323	134021.141756
chr	34000	34020	56629.1003712	26970.598323	134021.141756
chr	34020	34040	57517.626338	26970.598323	134021.141756
chr	34040	34080	53497.2911423	26970.598323	89797.454603
chr	34080	34340	53497.2911423	26970.598323	89797.454603
chr	34340	34460	53497.2911423	26970.598323	89797.454603
chr	34460	34520	55303.4775528	26970.598323	89797.454603
chr	34520	34560	55303.4775528	26970.598323	89797.454603
chr	34560	34640	55303.4775528	26970.598323	89797.454603
chr	34640	34700	50802.5787649	26970.598323	89797.454603
chr	34700	34720	48996.3923544	26970.598323	89797.454603
chr	34720	34840	48996.3923544	26970.598323	89797.454603
chr	34840	34900	51691.1047317	26970.598323	89797.454603
chr	34900	34936	51691.1047317	26970.598323	89797.454603
chr	34936	35060	49884.9183212	26970.598323	89797.454603
chr	35060	35220	48674.28472	26970.598323	89797.454603
chr	35220	35360	45979.5723426	26970.598323	89797.454603
chr	35360	35540	45979.5723426	26970.598323	89797.454603
chr	35540	35800	42962.7523309	26970.598323	89797.454603
chr	35800	35840	47463.6511188	26970.598323	89797.454603
chr	35840	35880	40541.4851285	26970.598323	89797.454603
chr	35880	35940	40541.4851285	26970.598323	89797.454603
chr	35940	35980	39330.8515274	26970.598323	89797.454603
chr	35980	36000	38120.2179262	26970.598323	89797.454603
chr	36000	36400	32408.6855371	26970.598323	60155.618452
chr	36400	36440	32408.6855371	26970.598323	60155.618452
chr	36440	36595	34214.8719476	26970.598323	60155.618452
chr	36595	36680	34214.8719476	26970.598323	60155.618452
chr	36680	36700	34214.8719476	26970.598323	60155.618452
chr	36700	36737	36909.584325	26970.598323	89797.454603
chr	36737	36840	36909.584325	26970.598323	89797.454603
chr	36840	36940	36098.1322467	18044.625462	89797.454603
chr	36940	37000	38792.8446241	18044.625462	89797.454603
chr	37000	37041	38792.8446241	18044.625462	89797.454603
chr	37041	37100	37981.3925458	18044.625462	89797.454603
chr	37100	37140	34076.0465673	18044.625462	89797.454603
chr	37140	37280	34076.0465673	18044.625462	89797.454603
chr	37280	37420	28364.5141782	18044.625462	60155.618452
chr	37420	37460	28364.5141782	18044.625462	60155.618452
chr	37460	37540	27009.1696502	12061.808515	60155.618452
chr	37540	37620	27009.1696502	12061.808515	60155.618452
chr	37620	37860	27009.1696502	12061.808515	60155.618452
chr	37860	38420	27009.1696502	12061.808515	60155.618452
chr	38420	38480	27009.1696502	12061.808515	60155.618452
chr	38480	38500	25289.2700179	8051.702368	60155.618452
chr	38500	38620	23933.9254899	8051.702368	60155.618452
chr	38620	38760	26628.6378673	8051.702368	89797.454603
chr	38760	39040	27983.9823953	8051.702368	89797.454603
chr	39040	39120	25289.2700179	8051.702368	60155.618452
chr	39120	39960	23483.0836074	8051.702368	40287.567936
chr	39960	39980	27527.2549663	8051.702368	40287.567936
chr	39980	40160	24693.7172085	8051.702368	40287.567936
chr	40160	40200	23785.2696545	8051.702368	40287.567936
chr	40200	40380	22574.6360534	8051.702368	40287.567936
chr	40380	40420	21219.2915254	8051.702368	40287.567936
chr	40420	40440	22429.9251265	8051.702368	40287.567936
chr	40440	40520	22429.9251265	8051.702368	40287.567936
chr	40520	40740	22429.9251265	8051.702368	40287.567936
chr	40740	40904	22429.9251265	8051.702368	40287.567936
chr	40904	41040	23640.5587277	8051.702368	40287.567936
chr	41040	41100	23640.5587277	8051.702368	40287.567936
chr	41100	41260	23640.5587277	8051.702368	40287.567936
chr	41260	41340	23640.5587277	8051.702368	40287.567936
chr	41340	41860	21618.4730483	8051.702368	40287.567936
chr	41860	42120	24635.29306	8051.702368	60155.618452
chr	42120	42480	24635.29306	8051.702368	60155.618452
chr	42480	42680	22613.2073805	8051.702368	60155.618452
chr	42680	42700	22613.2073805	8051.702368	60155.618452
chr	42700	42720	25543.740614	8051.702368	60155.618452
chr	42720	42840	26754.3742152	8051.702368	60155.618452
chr	42840	42860	22926.1021252	8051.702368	40287.567936
chr	42860	42980	22926.1021252	8051.702368	40287.567936
chr	42980	43000	22926.1021252	8051.702368	40287.567936
chr	43000	43120	24948.1878046	8051.702368	40287.567936
chr	43120	43320	24948.1878046	8051.702368	40287.567936
chr	43320	43480	31471.172272	8051.702368	89797.454603
chr	43480	43520	32379.619826	12061.808515	89797.454603
chr	43520	43561	32923.5122757	12061.808515	89797.454603
chr	43561	43616	32923.5122757	12061.808515	89797.454603
chr	43616	43636	39446.4967431	12061.808515	89797.454603
chr	43636	43680	36751.7843657	12061.808515	89797.454603
chr	43680	43700	38557.9707763	12061.808515	89797.454603
chr	43700	43840	38557.9707763	12061.808515	89797.454603
chr	43840	43940	41252.6831536	12061.808515	89797.454603
chr	43940	43960	41252.6831536	12061.808515	89797.454603
chr	43960	44080	43058.8695642	12061.808515	89797.454603
chr	44080	44180	44269.5031654	12061.808515	89797.454603
chr	44180	44220	50984.5507385	12061.808515	134021.141756
chr	44220	44260	50984.5507385	12061.808515	134021.141756
chr	44260	44280	52339.8952665	18044.625462	134021.141756
chr	44280	44340	48319.5600707	18044.625462	89797.454603
chr	44340	44380	43818.6612828	18044.625462	89797.454603
chr	44380	44400	43818.6612828	18044.625462	89797.454603
chr	44400	44520	37295.6768155	18044.625462	89797.454603
chr	44520	44620	37295.6768155	18044.625462	89797.454603
chr	44620	44780	37295.6768155	18044.625462	89797.454603
chr	44780	44920	37295.6768155	18044.625462	89797.454603
chr	44920	44980	37295.6768155	18044.625462	89797.454603
chr	44980	45040	37295.6768155	18044.625462	89797.454603
chr	45040	45060	37295.6768155	18044.625462	89797.454603
chr	45060	45140	36085.0432143	18044.625462	89797.454603
chr	45140	45500	37891.2296248	18044.625462	89797.454603
chr	45500	45580	37891.2296248	18044.625462	89797.454603
chr	45580	45600	39697.4160354	18044.625462	89797.454603
chr	45600	45660	35196.5172475	18044.625462	60155.618452
chr	45660	45680	32179.6972357	18044.625462	60155.618452
chr	45680	45720	32179.6972357	18044.625462	60155.618452
chr	45720	45760	31368.2451575	18044.625462	60155.618452
chr	45760	45860	29562.0587469	18044.625462	60155.618452
chr	45860	46020	29562.0587469	18044.625462	60155.618452
chr	46020	46040	29018.1662972	12061.808515	60155.618452
chr	46040	46060	29018.1662972	12061.808515	60155.618452
chr	46060	46200	32846.4383872	12061.808515	60155.618452
chr	46200	46260	36674.7104772	12061.808515	60155.618452
chr	46260	46280	34868.5240666	12061.808515	60155.618452
chr	46280	46420	32846.4383872	12061.808515	60155.618452
chr	46420	46500	32846.4383872	12061.808515	60155.618452
chr	46500	46520	41046.8750169	18044.625462	60155.618452
chr	46520	46540	46436.2997716	18044.625462	89797.454603
chr	46540	46620	46436.2997716	18044.625462	89797.454603
chr	46620	46817	42608.0276816	18044.625462	89797.454603
chr	46817	46880	42608.0276816	18044.625462	89797.454603
chr	46880	46900	42608.0276816	18044.625462	89797.454603
chr	46900	46940	42608.0276816	18044.625462	89797.454603
chr	46940	46980	44630.1133611	18044.625462	89797.454603
chr	46980	47020	44630.1133611	18044.625462	89797.454603
chr	47020	47040	44630.1133611	18044.625462	89797.454603
chr	47040	47060	48650.4485568	18044.625462	134021.141756
chr	47060	47080	40129.2145732	18044.625462	89797.454603
chr	47080	47200	34417.6821841	18044.625462	60155.618452
chr	47200	47280	34417.6821841	18044.625462	60155.618452
chr	47280	47320	34417.6821841	18044.625462	60155.618452
chr	47320	47400	34417.6821841	18044.625462	60155.618452
chr	47400	47480	33207.0485829	18044.625462	60155.618452
chr	47480	47520	34018.5006612	18044.625462	60155.618452
chr	47520	47540	32807.86706	18044.625462	60155.618452
chr	47540	47600	31597.2334588	18044.625462	60155.618452
chr	47600	47739	37308.7658479	18044.625462	89797.454603
chr	47739	47760	38519.3994491	18044.625462	89797.454603
chr	47760	47860	39730.0330503	18044.625462	89797.454603
chr	47860	47940	39730.0330503	18044.625462	89797.454603
chr	47940	47965	39730.0330503	18044.625462	89797.454603
chr	47965	48000	37035.3206729	18044.625462	60155.618452
chr	48000	48020	39456.5878753	18044.625462	60155.618452
chr	48020	48280	37650.4014647	18044.625462	60155.618452
chr	48280	48420	38861.0350659	18044.625462	60155.618452
chr	48420	48440	40667.2214765	18044.625462	60155.618452
chr	48440	48540	40667.2214765	18044.625462	60155.618452
chr	48540	48620	40667.2214765	18044.625462	60155.618452
chr	48620	48700	40667.2214765	18044.625462	60155.618452
chr	48700	48840	42473.407887	18044.625462	60155.618452
chr	48840	48940	42473.407887	18044.625462	60155.618452
chr	48940	48960	40451.3222075	18044.625462	60155.618452
chr	48960	49000	37434.5021958	18044.625462	60155.618452
chr	49000	49320	37434.5021958	18044.625462	60155.618452
chr	49320	49340	50663.7533845	18044.625462	89797.454603
chr	49340	49384	55164.6521725	18044.625462	89797.454603
chr	49384	49420	55164.6521725	18044.625462	89797.454603
chr	49420	49538	55164.6521725	18044.625462	89797.454603
chr	49538	49597	56970.838583	18044.625462	89797.454603
chr	49597	49640	56970.838583	18044.625462	89797.454603
chr	49640	49680	53954.0185713	18044.625462	89797.454603
chr	49680	49720	53954.0185713	18044.625462	89797.454603
chr	49720	49880	53954.0185713	18044.625462	89797.454603
chr	49880	49921	53954.0185713	18044.625462	89797.454603
chr	49921	50060	53954.0185713	18044.625462	89797.454603
chr	50060	50080	53954.0185713	18044.625462	89797.454603
chr	50080	50160	53954.0185713	18044.625462	89797.454603
chr	50160	50380	53954.0185713	18044.625462	89797.454603
chr	50380	50480	52147.8321607	18044.625462	89797.454603
chr	50480	50500	43146.0345849	18044.625462	89797.454603
chr	50500	50520	43146.0345849	18044.625462	89797.454603
chr	50520	50620	43146.0345849	18044.625462	89797.454603
chr	50620	50680	41935.4009837	18044.625462	89797.454603
chr	50680	50780	37434.5021958	18044.625462	60155.618452
chr	50780	50860	35628.3157853	18044.625462	60155.618452
chr	50860	50977	35628.3157853	18044.625462	60155.618452
chr	50977	51000	33207.0485829	18044.625462	60155.618452
chr	51000	51100	33207.0485829	18044.625462	60155.618452
chr	51100	51340	33207.0485829	18044.625462	60155.618452
chr	51340	51420	33207.0485829	18044.625462	60155.618452
chr	51420	51680	33207.0485829	18044.625462	60155.618452
chr	51680	51700	34417.6821841	18044.625462	60155.618452
chr	51700	51740	36439.7678635	18044.625462	60155.618452
chr	51740	51824	36439.7678635	18044.625462	60155.618452
chr	51824	51860	36439.7678635	18044.625462	60155.618452
chr	51860	51936	36439.7678635	18044.625462	60155.618452
chr	51936	51956	36439.7678635	18044.625462	60155.618452
chr	51956	52100	38245.9542741	18044.625462	60155.618452
chr	52100	52140	40052.1406846	18044.625462	60155.618452
chr	52140	52160	40052.1406846	18044.625462	60155.618452
chr	52160	52260	40052.1406846	18044.625462	60155.618452
chr	52260	52300	41858.3270952	18044.625462	60155.618452
chr	52300	52540	40180.8749328	12061.808515	89797.454603
chr	52540	52560	37164.0549211	12061.808515	89797.454603
chr	52560	53000	34469.3425437	12061.808515	60155.618452
chr	53000	53020	34469.3425437	12061.808515	60155.618452
chr	53020	53120	28435.7025203	12061.808515	40287.567936
chr	53120	53220	28435.7025203	12061.808515	40287.567936
chr	53220	53280	28435.7025203	12061.808515	40287.567936
chr	53280	53440	26413.6168408	12061.808515	40287.567936
chr	53440	53460	23702.9277848	12061.808515	40287.567936
chr	53460	53700	23702.9277848	12061.808515	40287.567936
chr	53700	53800	24913.561386	12061.808515	40287.567936
chr	53800	53820	25457.4538357	12061.808515	40287.567936
chr	53820	53900	26268.905914	12061.808515	40287.567936
chr	53900	54020	26268.905914	12061.808515	40287.567936
chr	54020	54060	27479.5395152	12061.808515	40287.567936
chr	54060	54300	27479.5395152	12061.808515	40287.567936
chr	54300	54380	25457.4538357	12061.808515	40287.567936
chr	54380	54660	25457.4538357	12061.808515	40287.567936
chr	54660	54860	26268.905914	12061.808515	40287.567936
chr	54860	55020	25058.2723128	12061.808515	40287.567936
chr	55020	55360	25058.2723128	12061.808515	40287.567936
chr	55360	55480	23036.1866334	12061.808515	40287.567936
chr	55480	55720	21316.2870011	8051.702368	40287.567936
chr	55720	55760	20504.8349228	8051.702368	40287.567936
chr	55760	55800	19960.9424731	8051.702368	40287.567936
chr	55800	55820	19960.9424731	8051.702368	40287.567936
chr	55820	55880	22526.9206023	8051.702368	40287.567936
chr	55880	55920	23614.7055017	8051.702368	40287.567936
chr	55920	56160	25334.605134	18044.625462	40287.567936
chr	56160	56560	23979.260606	12061.808515	40287.567936
chr	56560	56600	23979.260606	12061.808515	40287.567936
chr	56600	56640	23167.8085277	12061.808515	40287.567936
chr	56640	57080	23979.260606	12061.808515	40287.567936
chr	57080	57440	26001.3462855	12061.808515	40287.567936
chr	57440	57480	26001.3462855	12061.808515	40287.567936
chr	57480	57500	24790.7126843	12061.808515	40287.567936
chr	57500	57620	26001.3462855	12061.808515	40287.567936
chr	57620	57780	25189.8942072	12061.808515	40287.567936
chr	57780	57900	26996.0806177	12061.808515	60155.618452
chr	57900	57940	26996.0806177	12061.808515	60155.618452
chr	57940	58020	28206.7142189	12061.808515	60155.618452
chr	58020	58060	28206.7142189	12061.808515	60155.618452
chr	58060	58100	29562.0587469	18044.625462	60155.618452
chr	58100	58320	28351.4251457	18044.625462	60155.618452
chr	58320	58380	26545.2387352	18044.625462	40287.567936
chr	58380	58540	32256.7711243	18044.625462	89797.454603
chr	58540	58780	34278.8568037	18044.625462	89797.454603
chr	58780	58860	36085.0432143	18044.625462	89797.454603
chr	58860	58920	35273.591136	18044.625462	89797.454603
chr	58920	59063	35273.591136	18044.625462	89797.454603
chr	59063	59100	37079.7775465	18044.625462	89797.454603
chr	59100	59640	35273.591136	18044.625462	89797.454603
chr	59640	59780	34062.9575348	18044.625462	89797.454603
chr	59780	60020	34062.9575348	18044.625462	89797.454603
chr	60020	60060	32256.7711243	18044.625462	89797.454603
chr	60060	60140	29690.7929951	12061.808515	89797.454603
chr	60140	60356	27936.2669442	12061.808515	89797.454603
chr	60356	60420	29146.9005454	12061.808515	89797.454603
chr	60420	60500	28335.4484671	12061.808515	89797.454603
chr	60500	60540	28335.4484671	12061.808515	89797.454603
chr	60540	60560	28335.4484671	12061.808515	89797.454603
chr	60560	60600	27791.5560174	12061.808515	89797.454603
chr	60600	60620	29597.7424279	12061.808515	89797.454603
chr	60620	60820	23074.7579605	12061.808515	60155.618452
chr	60820	61000	23074.7579605	12061.808515	60155.618452
chr	61000	61200	23074.7579605	12061.808515	60155.618452
chr	61200	61360	32086.6466685	12061.808515	60155.618452
chr	61360	61380	26053.0066451	12061.808515	60155.618452
chr	61380	61420	26053.0066451	12061.808515	60155.618452
chr	61420	61500	24030.9209656	12061.808515	60155.618452
chr	61500	61740	23487.0285159	12061.808515	60155.618452
chr	61740	61780	19658.7564259	12061.808515	26970.598323
chr	61780	61960	20202.6488756	12061.808515	26970.598323
chr	61960	62020	21413.2824768	12061.808515	40287.567936
chr	62020	62240	21413.2824768	12061.808515	40287.567936
chr	62240	62320	21413.2824768	12061.808515	40287.567936
chr	62320	62420	23834.5496792	12061.808515	40287.567936
chr	62420	62560	23834.5496792	12061.808515	40287.567936
chr	62560	62680	23834.5496792	12061.808515	40287.567936
chr	62680	62740	22623.916078	12061.808515	40287.567936
chr	62740	62860	23435.3681563	12061.808515	40287.567936
chr	62860	63080	27263.6402463	12061.808515	60155.618452
chr	63080	63220	27263.6402463	12061.808515	60155.618452
chr	63220	63380	29285.7259257	12061.808515	60155.618452
chr	63380	63460	33786.6247136	12061.808515	89797.454603
chr	63460	63480	33786.6247136	12061.808515	89797.454603
chr	63480	63520	34598.0767919	12061.808515	89797.454603
chr	63520	63620	33387.4431907	12061.808515	89797.454603
chr	63620	63760	33387.4431907	12061.808515	89797.454603
chr	63760	63920	40454.3201078	12061.808515	89797.454603
chr	63920	63960	43471.1401195	12061.808515	89797.454603
chr	63960	63979	54014.4597826	12061.808515	134021.141756
chr	63979	64040	58386.6243224	26970.598323	134021.141756
chr	64040	64060	58386.6243224	26970.598323	134021.141756
chr	64060	64080	59597.2579235	26970.598323	134021.141756
chr	64080	64180	59597.2579235	26970.598323	134021.141756
chr	64180	64220	68647.7179587	40287.567936	134021.141756
chr	64220	64440	65953.0055814	40287.567936	134021.141756
chr	64440	64500	65953.0055814	40287.567936	134021.141756
chr	64500	64560	65953.0055814	40287.567936	134021.141756
chr	64560	64580	68647.7179587	40287.567936	134021.141756
chr	64580	64600	68647.7179587	40287.567936	134021.141756
chr	64600	64741	74037.1427135	40287.567936	134021.141756
chr	64741	64760	69536.2439255	40287.567936	134021.141756
chr	64760	64780	65515.9087298	40287.567936	89797.454603
chr	64780	64820	62821.1963525	40287.567936	89797.454603
chr	64820	64860	61015.0099419	40287.567936	89797.454603
chr	64860	64980	61015.0099419	40287.567936	89797.454603
chr	64980	65040	61015.0099419	40287.567936	89797.454603
chr	65040	65060	61015.0099419	40287.567936	89797.454603
chr	65060	65180	54092.8439516	26970.598323	89797.454603
chr	65180	65240	51076.0239399	26970.598323	89797.454603
chr	65240	65260	46575.125152	26970.598323	89797.454603
chr	65260	65280	46575.125152	26970.598323	89797.454603
chr	65280	65300	40863.5927629	26970.598323	60155.618452
chr	65300	65600	40863.5927629	26970.598323	60155.618452
chr	65600	65660	40863.5927629	26970.598323	60155.618452
chr	65660	65740	31359.4719648	12061.808515	60155.618452
chr	65740	65780	31359.4719648	12061.808515	60155.618452
chr	65780	65800	28342.6519531	12061.808515	60155.618452
chr	65800	65900	28342.6519531	12061.808515	60155.618452
chr	65900	65920	26987.3074251	12061.808515	60155.618452
chr	65920	66160	26987.3074251	12061.808515	60155.618452
chr	66160	66220	26987.3074251	12061.808515	60155.618452
chr	66220	66360	28197.9410263	12061.808515	60155.618452
chr	66360	66484	30004.1274368	12061.808515	60155.618452
chr	66484	66600	26987.3074251	12061.808515	60155.618452
chr	66600	66700	20049.1647562	12061.808515	40287.567936
chr	66700	67220	19237.7126779	12061.808515	40287.567936
chr	67220	68160	19781.6051276	12061.808515	40287.567936
chr	68160	68580	19781.6051276	12061.808515	40287.567936
chr	68580	68900	17759.5194482	12061.808515	26970.598323
chr	68900	69040	17759.5194482	12061.808515	26970.598323
chr	69040	69300	20470.2085042	12061.808515	26970.598323
chr	69300	69400	20470.2085042	12061.808515	26970.598323
chr	69400	69940	20470.2085042	12061.808515	26970.598323
chr	69940	70122	20470.2085042	12061.808515	26970.598323
chr	70122	70220	20470.2085042	12061.808515	26970.598323
chr	70220	70340	20470.2085042	12061.808515	26970.598323
chr	70340	70680	20470.2085042	12061.808515	26970.598323
chr	70680	70700	21680.8421054	12061.808515	40287.567936
chr	70700	70760	23487.0285159	12061.808515	60155.618452
chr	70760	70840	22675.5764376	12061.808515	60155.618452
chr	70840	70940	21864.1243594	12061.808515	60155.618452
chr	70940	70960	22675.5764376	12061.808515	60155.618452
chr	70960	71240	18847.3043476	12061.808515	26970.598323
chr	71240	71440	18303.4118979	12061.808515	26970.598323
chr	71440	71740	20325.4975774	12061.808515	40287.567936
chr	71740	72020	21136.9496556	12061.808515	40287.567936
chr	72020	72160	22492.2941836	12061.808515	40287.567936
chr	72160	72180	22127.7390794	8051.702368	40287.567936
chr	72180	72260	20917.1054782	8051.702368	26970.598323
chr	72260	72420	34398.1542016	18044.625462	60155.618452
chr	72420	72480	34398.1542016	18044.625462	60155.618452
chr	72480	72600	31381.3341899	18044.625462	60155.618452
chr	72600	72640	31381.3341899	18044.625462	60155.618452
chr	72640	72760	31381.3341899	18044.625462	60155.618452
chr	72760	72900	31381.3341899	18044.625462	60155.618452
chr	72900	72940	31381.3341899	18044.625462	60155.618452
chr	72940	73260	31381.3341899	18044.625462	60155.618452
chr	73260	73280	31381.3341899	18044.625462	60155.618452
chr	73280	73320	31381.3341899	18044.625462	60155.618452
chr	73320	73340	31381.3341899	18044.625462	60155.618452
chr	73340	73440	31381.3341899	18044.625462	60155.618452
chr	73440	73460	31381.3341899	18044.625462	60155.618452
chr	73460	73480	31381.3341899	18044.625462	60155.618452
chr	73480	73500	31381.3341899	18044.625462	60155.618452
chr	73500	73520	31381.3341899	18044.625462	60155.618452
chr	73520	73560	31381.3341899	18044.625462	60155.618452
chr	73560	73580	32591.9677911	18044.625462	60155.618452
chr	73580	73700	32591.9677911	18044.625462	60155.618452
chr	73700	73740	33802.6013923	18044.625462	60155.618452
chr	73740	73820	35608.7878028	18044.625462	60155.618452
chr	73820	73840	35608.7878028	18044.625462	60155.618452
chr	73840	73860	37630.8734823	18044.625462	60155.618452
chr	73860	73900	37630.8734823	18044.625462	60155.618452
chr	73900	73938	37630.8734823	18044.625462	60155.618452
chr	73938	73956	37630.8734823	18044.625462	60155.618452
chr	73956	74000	34614.0534705	18044.625462	60155.618452
chr	74000	74080	38442.3255605	26970.598323	60155.618452
chr	74080	74100	38442.3255605	26970.598323	60155.618452
chr	74100	74180	37231.6919594	26970.598323	60155.618452
chr	74180	74281	35425.5055488	26970.598323	60155.618452
chr	74281	74300	35425.5055488	26970.598323	60155.618452
chr	74300	74340	35425.5055488	26970.598323	60155.618452
chr	74340	74360	38442.3255605	26970.598323	60155.618452
chr	74360	74460	38442.3255605	26970.598323	60155.618452
chr	74460	74576	39652.9591617	26970.598323	60155.618452
chr	74576	74620	40863.5927629	26970.598323	60155.618452
chr	74620	74960	40863.5927629	26970.598323	60155.618452
chr	74960	75020	43558.3051403	26970.598323	89797.454603
chr	75020	75160	43558.3051403	26970.598323	89797.454603
chr	75160	75220	41752.1187297	26970.598323	89797.454603
chr	75220	75260	41752.1187297	26970.598323	89797.454603
chr	75260	75280	35229.1342624	18044.625462	60155.618452
chr	75280	75420	35229.1342624	18044.625462	60155.618452
chr	75420	75440	33207.0485829	18044.625462	60155.618452
chr	75440	75477	34018.5006612	18044.625462	60155.618452
chr	75477	75497	34018.5006612	18044.625462	60155.618452
chr	75497	75576	34018.5006612	18044.625462	60155.618452
chr	75576	75660	32212.3142506	18044.625462	40287.567936
chr	75660	75680	29037.4304584	5363.846221	40287.567936
chr	75680	75720	29037.4304584	5363.846221	40287.567936
chr	75720	75760	27015.3447789	5363.846221	40287.567936
chr	75760	75800	27015.3447789	5363.846221	40287.567936
chr	75800	75840	27826.7968572	5363.846221	40287.567936
chr	75840	75860	27826.7968572	5363.846221	40287.567936
chr	75860	75900	27826.7968572	5363.846221	40287.567936
chr	75900	76000	27826.7968572	5363.846221	40287.567936
chr	76000	76064	29037.4304584	5363.846221	40287.567936
chr	76064	76100	29037.4304584	5363.846221	40287.567936
chr	76100	76120	29037.4304584	5363.846221	40287.567936
chr	76120	76180	29037.4304584	5363.846221	40287.567936
chr	76180	76240	29037.4304584	5363.846221	40287.567936
chr	76240	76360	29037.4304584	5363.846221	40287.567936
chr	76360	76400	27826.7968572	5363.846221	40287.567936
chr	76400	76500	27826.7968572	5363.846221	40287.567936
chr	76500	76580	29632.9832677	5363.846221	60155.618452
chr	76580	76620	29632.9832677	5363.846221	60155.618452
chr	76620	76660	33245.3560888	5363.846221	60155.618452
chr	76660	76820	33245.3560888	5363.846221	60155.618452
chr	76820	76840	30228.5360771	5363.846221	60155.618452
chr	76840	76940	30228.5360771	5363.846221	60155.618452
chr	76940	76980	28605.6319205	5363.846221	60155.618452
chr	76980	77183	28605.6319205	5363.846221	60155.618452
chr	77183	77203	31300.3442979	5363.846221	89797.454603
chr	77203	77280	30488.8922196	5363.846221	89797.454603
chr	77280	77320	27794.1798423	5363.846221	60155.618452
chr	77320	77340	24777.3598305	5363.846221	60155.618452
chr	77340	77420	24777.3598305	5363.846221	60155.618452
chr	77420	77500	24777.3598305	5363.846221	60155.618452
chr	77500	77540	24777.3598305	5363.846221	60155.618452
chr	77540	77720	24777.3598305	5363.846221	60155.618452
chr	77720	77817	24777.3598305	5363.846221	60155.618452
chr	77817	77880	24777.3598305	5363.846221	60155.618452
chr	77880	77920	24777.3598305	5363.846221	60155.618452
chr	77920	78060	24777.3598305	5363.846221	60155.618452
chr	78060	78120	20137.6356623	5363.846221	26970.598323
chr	78120	78520	19326.183584	5363.846221	26970.598323
chr	78520	78560	19326.183584	5363.846221	26970.598323
chr	78560	78700	18514.7315057	5363.846221	26970.598323
chr	78700	78943	18514.7315057	5363.846221	26970.598323
chr	78943	78980	20536.8171852	5363.846221	40287.567936
chr	78980	79020	25733.7866569	18044.625462	40287.567936
chr	79020	79080	25733.7866569	18044.625462	40287.567936
chr	79080	79120	25733.7866569	18044.625462	40287.567936
chr	79120	79160	25733.7866569	18044.625462	40287.567936
chr	79160	79320	24922.3345786	18044.625462	40287.567936
chr	79320	79500	24922.3345786	18044.625462	40287.567936
chr	79500	79600	24378.4421289	12061.808515	40287.567936
chr	79600	79720	24378.4421289	12061.808515	40287.567936
chr	79720	79800	26184.6285395	12061.808515	60155.618452
chr	79800	79920	26184.6285395	12061.808515	60155.618452
chr	79920	79960	23167.8085277	12061.808515	40287.567936
chr	79960	79980	44254.4478539	12061.808515	134021.141756
chr	79980	80060	45609.7923819	18044.625462	134021.141756
chr	80060	80160	45609.7923819	18044.625462	134021.141756
chr	80160	80280	46421.2444602	18044.625462	134021.141756
chr	80280	80380	42400.9092645	18044.625462	134021.141756
chr	80380	80400	46901.8080524	18044.625462	134021.141756
chr	80400	80440	42881.4728566	18044.625462	89797.454603
chr	80440	80460	42881.4728566	18044.625462	89797.454603
chr	80460	80520	42881.4728566	18044.625462	89797.454603
chr	80520	80620	41397.3940805	18044.625462	89797.454603
chr	80620	80640	39591.2076699	18044.625462	89797.454603
chr	80640	80680	36896.4952925	18044.625462	89797.454603
chr	80680	80820	36896.4952925	18044.625462	89797.454603
chr	80820	80860	40916.8304883	18044.625462	134021.141756
chr	80860	80880	40916.8304883	18044.625462	134021.141756
chr	80880	80960	40372.9380385	12061.808515	134021.141756
chr	80960	81000	33657.8904655	12061.808515	60155.618452
chr	81000	81120	33657.8904655	12061.808515	60155.618452
chr	81120	81180	33657.8904655	12061.808515	60155.618452
chr	81180	81320	35464.076876	12061.808515	60155.618452
chr	81320	81440	36674.7104772	12061.808515	60155.618452
chr	81440	81540	40718.8818361	12061.808515	60155.618452
chr	81540	81620	42525.0682466	12061.808515	60155.618452
chr	81620	81660	47025.9670345	12061.808515	89797.454603
chr	81660	81740	49720.6794119	12061.808515	89797.454603
chr	81740	81820	47914.4930014	12061.808515	89797.454603
chr	81820	81840	46652.1990405	18044.625462	89797.454603
chr	81840	81900	46652.1990405	18044.625462	89797.454603
chr	81900	81940	46652.1990405	18044.625462	89797.454603
chr	81940	82020	43957.4866632	18044.625462	89797.454603
chr	82020	82200	42151.3002526	18044.625462	89797.454603
chr	82200	82300	42151.3002526	18044.625462	89797.454603
chr	82300	82360	42151.3002526	18044.625462	89797.454603
chr	82360	82380	47862.8326417	18044.625462	89797.454603
chr	82380	82479	47862.8326417	18044.625462	89797.454603
chr	82479	82580	47862.8326417	18044.625462	89797.454603
chr	82580	82600	46652.1990405	18044.625462	89797.454603
chr	82600	82620	40940.6666515	18044.625462	89797.454603
chr	82620	82800	40940.6666515	18044.625462	89797.454603
chr	82800	82960	42746.853062	18044.625462	89797.454603
chr	82960	83020	42746.853062	18044.625462	89797.454603
chr	83020	83100	42746.853062	18044.625462	89797.454603
chr	83100	83160	45763.6730737	18044.625462	89797.454603
chr	83160	83180	45763.6730737	18044.625462	89797.454603
chr	83180	83220	49591.9451637	26970.598323	89797.454603
chr	83220	83260	49591.9451637	26970.598323	89797.454603
chr	83260	83280	52286.6575411	26970.598323	89797.454603
chr	83280	83520	51076.0239399	26970.598323	89797.454603
chr	83520	83660	51076.0239399	26970.598323	89797.454603
chr	83660	83700	51076.0239399	26970.598323	89797.454603
chr	83700	83720	57791.071513	26970.598323	134021.141756
chr	83720	83760	57791.071513	26970.598323	134021.141756
chr	83760	83780	57791.071513	26970.598323	134021.141756
chr	83780	83800	60485.7838904	26970.598323	134021.141756
chr	83800	83860	62291.9703009	26970.598323	134021.141756
chr	83860	83900	62291.9703009	26970.598323	134021.141756
chr	83900	83940	63502.6039021	26970.598323	134021.141756
chr	83940	83960	63502.6039021	26970.598323	134021.141756
chr	83960	84040	66519.4239138	26970.598323	134021.141756
chr	84040	84060	66519.4239138	26970.598323	134021.141756
chr	84060	84100	62499.0887181	26970.598323	89797.454603
chr	84100	84120	65193.8010955	26970.598323	89797.454603
chr	84120	84160	65193.8010955	26970.598323	89797.454603
chr	84160	84220	65193.8010955	26970.598323	89797.454603
chr	84220	84240	65193.8010955	26970.598323	89797.454603
chr	84240	84260	65193.8010955	26970.598323	89797.454603
chr	84260	84280	65193.8010955	26970.598323	89797.454603
chr	84280	84340	68210.6211072	40287.567936	89797.454603
chr	84340	84364	70905.3334845	40287.567936	89797.454603
chr	84364	84400	83927.4662561	40287.567936	134021.141756
chr	84400	84420	81232.7538787	40287.567936	134021.141756
chr	84420	84440	81232.7538787	40287.567936	134021.141756
chr	84440	84560	91968.1366475	40287.567936	134021.141756
chr	84560	84680	85253.0890745	40287.567936	134021.141756
chr	84680	84700	81232.7538787	40287.567936	134021.141756
chr	84700	84740	77212.418683	40287.567936	89797.454603
chr	84740	84780	74517.7063056	40287.567936	89797.454603
chr	84780	84800	78538.0415014	40287.567936	134021.141756
chr	84800	85000	74517.7063056	40287.567936	89797.454603
chr	85000	85160	71822.9939283	40287.567936	89797.454603
chr	85160	85180	78538.0415014	40287.567936	134021.141756
chr	85180	85200	78538.0415014	40287.567936	134021.141756
chr	85200	85240	75843.329124	40287.567936	134021.141756
chr	85240	85300	79863.6643197	40287.567936	134021.141756
chr	85300	85320	75843.329124	40287.567936	134021.141756
chr	85320	85340	76323.8927162	60155.618452	89797.454603
chr	85340	85360	76323.8927162	60155.618452	89797.454603
chr	85360	85441	73629.1803388	60155.618452	89797.454603
chr	85441	85461	73629.1803388	60155.618452	89797.454603
chr	85461	85520	75843.329124	40287.567936	134021.141756
chr	85520	85540	75843.329124	40287.567936	134021.141756
chr	85540	85640	75843.329124	40287.567936	134021.141756
chr	85640	85680	75843.329124	40287.567936	134021.141756
chr	85680	85720	75843.329124	40287.567936	134021.141756
chr	85720	85740	75843.329124	40287.567936	134021.141756
chr	85740	85760	75843.329124	40287.567936	134021.141756
chr	85760	85800	78538.0415014	40287.567936	134021.141756
chr	85800	85820	78538.0415014	40287.567936	134021.141756
chr	85820	85863	74037.1427135	40287.567936	134021.141756
chr	85863	85880	70016.8075177	40287.567936	89797.454603
chr	85880	85940	67322.0951404	40287.567936	89797.454603
chr	85940	85980	64627.382763	40287.567936	89797.454603
chr	85980	86140	64627.382763	40287.567936	89797.454603
chr	86140	86220	67322.0951404	40287.567936	89797.454603
chr	86220	86280	71342.4303361	40287.567936	134021.141756
chr	86280	86300	71342.4303361	40287.567936	134021.141756
chr	86300	86320	71342.4303361	40287.567936	134021.141756
chr	86320	86338	71342.4303361	40287.567936	134021.141756
chr	86338	86358	74037.1427135	40287.567936	134021.141756
chr	86358	86380	76731.8550908	40287.567936	134021.141756
chr	86380	86445	76731.8550908	40287.567936	134021.141756
chr	86445	86520	76731.8550908	40287.567936	134021.141756
chr	86520	86580	76731.8550908	40287.567936	134021.141756
chr	86580	86680	76731.8550908	40287.567936	134021.141756
chr	86680	86720	76731.8550908	40287.567936	134021.141756
chr	86720	86740	76731.8550908	40287.567936	134021.141756
chr	86740	86760	76731.8550908	40287.567936	134021.141756
chr	86760	86780	76731.8550908	40287.567936	134021.141756
chr	86780	86840	78538.0415014	40287.567936	134021.141756
chr	86840	86880	82558.3766971	40287.567936	134021.141756
chr	86880	86920	82558.3766971	40287.567936	134021.141756
chr	86920	86940	82558.3766971	40287.567936	134021.141756
chr	86940	86961	82558.3766971	40287.567936	134021.141756
chr	86961	86981	82558.3766971	40287.567936	134021.141756
chr	86981	87020	84364.5631076	60155.618452	134021.141756
chr	87020	87040	84364.5631076	60155.618452	134021.141756
chr	87040	87140	84364.5631076	60155.618452	134021.141756
chr	87140	87160	80344.2279119	60155.618452	134021.141756
chr	87160	87220	80344.2279119	60155.618452	134021.141756
chr	87220	87240	74632.6955228	26970.598323	134021.141756
chr	87240	87280	72826.5091123	26970.598323	134021.141756
chr	87280	87300	75521.2214896	26970.598323	134021.141756
chr	87300	87325	83561.8918811	26970.598323	134021.141756
chr	87325	87360	88062.790669	26970.598323	134021.141756
chr	87360	87400	92083.1258647	26970.598323	134021.141756
chr	87400	87440	92083.1258647	26970.598323	134021.141756
chr	87440	87460	101814.99345	60155.618452	134021.141756
chr	87460	87560	101814.99345	60155.618452	134021.141756
chr	87560	87580	105835.328645	60155.618452	134021.141756
chr	87580	87601	105835.328645	60155.618452	134021.141756
chr	87601	87636	105835.328645	60155.618452	134021.141756
chr	87636	87659	104029.142235	40287.567936	134021.141756
chr	87659	87700	104029.142235	40287.567936	134021.141756
chr	87700	87720	104029.142235	40287.567936	134021.141756
chr	87720	87760	95507.9082511	40287.567936	134021.141756
chr	87760	87797	95507.9082511	40287.567936	134021.141756
chr	87797	87820	87467.2378596	40287.567936	134021.141756
chr	87820	87840	87467.2378596	40287.567936	134021.141756
chr	87840	87860	83446.9026639	40287.567936	134021.141756
chr	87860	87900	78946.003876	40287.567936	134021.141756
chr	87900	87940	78946.003876	40287.567936	134021.141756
chr	87940	87960	78946.003876	40287.567936	134021.141756
chr	87960	88020	73556.5791213	40287.567936	134021.141756
chr	88020	88040	76251.2914986	40287.567936	134021.141756
chr	88040	88060	76251.2914986	40287.567936	134021.141756
chr	88060	88080	76251.2914986	40287.567936	134021.141756
chr	88080	88140	76251.2914986	40287.567936	134021.141756
chr	88140	88160	76251.2914986	40287.567936	134021.141756
chr	88160	88180	69536.2439255	40287.567936	134021.141756
chr	88180	88244	61015.0099419	40287.567936	89797.454603
chr	88244	88260	57998.1899302	26970.598323	89797.454603
chr	88260	88280	52286.6575411	26970.598323	89797.454603
chr	88280	88320	52286.6575411	26970.598323	89797.454603
chr	88320	88340	52286.6575411	26970.598323	89797.454603
chr	88340	88400	54092.8439516	26970.598323	89797.454603
chr	88400	88440	54092.8439516	26970.598323	89797.454603
chr	88440	88460	59804.3763407	26970.598323	89797.454603
chr	88460	88560	59804.3763407	26970.598323	89797.454603
chr	88560	88620	59804.3763407	26970.598323	89797.454603
chr	88620	88680	59804.3763407	26970.598323	89797.454603
chr	88680	88700	59804.3763407	26970.598323	89797.454603
chr	88700	88740	52882.2103505	26970.598323	89797.454603
chr	88740	88780	52882.2103505	26970.598323	89797.454603
chr	88780	88800	67595.5403154	26970.598323	89797.454603
chr	88800	88880	67595.5403154	26970.598323	89797.454603
chr	88880	88960	71615.8755111	26970.598323	134021.141756
chr	88960	89077	67595.5403154	26970.598323	89797.454603
chr	89077	89120	67595.5403154	26970.598323	89797.454603
chr	89120	89163	67595.5403154	26970.598323	89797.454603
chr	89163	89260	67595.5403154	26970.598323	89797.454603
chr	89260	89340	64900.827938	26970.598323	89797.454603
chr	89340	89360	68921.1631337	26970.598323	134021.141756
chr	89360	89440	68921.1631337	26970.598323	134021.141756
chr	89440	89500	68921.1631337	26970.598323	134021.141756
chr	89500	89640	64900.827938	26970.598323	89797.454603
chr	89640	89840	60399.9291501	26970.598323	89797.454603
chr	89840	90040	60399.9291501	26970.598323	89797.454603
chr	90040	90080	60399.9291501	26970.598323	89797.454603
chr	90080	90140	55899.0303622	26970.598323	89797.454603
chr	90140	90280	55899.0303622	26970.598323	89797.454603
chr	90280	90300	55899.0303622	26970.598323	89797.454603
chr	90300	90320	55899.0303622	26970.598323	89797.454603
chr	90320	90358	55899.0303622	26970.598323	89797.454603
chr	90358	90378	53204.3179848	26970.598323	89797.454603
chr	90378	90400	53204.3179848	26970.598323	89797.454603
chr	90400	90520	53204.3179848	26970.598323	89797.454603
chr	90520	90540	53204.3179848	26970.598323	89797.454603
chr	90540	90562	53204.3179848	26970.598323	89797.454603
chr	90562	90582	53204.3179848	26970.598323	89797.454603
chr	90582	90600	48703.4191969	26970.598323	60155.618452
chr	90600	90620	48703.4191969	26970.598323	60155.618452
chr	90620	90640	48703.4191969	26970.598323	60155.618452
chr	90640	90760	46897.2327864	26970.598323	60155.618452
chr	90760	90800	46897.2327864	26970.598323	60155.618452
chr	90800	90840	46897.2327864	26970.598323	60155.618452
chr	90840	90860	51398.1315743	26970.598323	89797.454603
chr	90860	90940	51398.1315743	26970.598323	89797.454603
chr	90940	90960	48381.3115625	26970.598323	89797.454603
chr	90960	91020	51398.1315743	26970.598323	89797.454603
chr	91020	91040	51398.1315743	26970.598323	89797.454603
chr	91040	91120	51398.1315743	26970.598323	89797.454603
chr	91120	91140	51398.1315743	26970.598323	89797.454603
chr	91140	91160	52013.2123661	40287.567936	89797.454603
chr	91160	91180	52013.2123661	40287.567936	89797.454603
chr	91180	91220	53819.3987766	40287.567936	89797.454603
chr	91220	91240	53819.3987766	40287.567936	89797.454603
chr	91240	91300	53819.3987766	40287.567936	89797.454603
chr	91300	91320	53819.3987766	40287.567936	89797.454603
chr	91320	91360	53819.3987766	40287.567936	89797.454603
chr	91360	91398	53819.3987766	40287.567936	89797.454603
chr	91398	91580	55625.5851872	40287.567936	89797.454603
chr	91580	91640	60126.4839751	40287.567936	89797.454603
chr	91640	91660	60126.4839751	40287.567936	89797.454603
chr	91660	91680	64627.382763	40287.567936	89797.454603
chr	91680	91700	67322.0951404	40287.567936	89797.454603
chr	91700	91720	70016.8075177	40287.567936	89797.454603
chr	91720	91740	70016.8075177	40287.567936	89797.454603
chr	91740	91800	74517.7063056	40287.567936	89797.454603
chr	91800	91860	78538.0415014	40287.567936	134021.141756
chr	91860	91900	83038.9402893	60155.618452	134021.141756
chr	91900	91980	83038.9402893	60155.618452	134021.141756
chr	91980	92000	83038.9402893	60155.618452	134021.141756
chr	92000	92120	83038.9402893	60155.618452	134021.141756
chr	92120	92280	83038.9402893	60155.618452	134021.141756
chr	92280	92340	80344.2279119	60155.618452	134021.141756
chr	92340	92360	80344.2279119	60155.618452	134021.141756
chr	92360	92380	78538.0415014	40287.567936	134021.141756
chr	92380	92480	82558.3766971	40287.567936	134021.141756
chr	92480	92500	85253.0890745	40287.567936	134021.141756
chr	92500	92520	85253.0890745	40287.567936	134021.141756
chr	92520	92560	81232.7538787	40287.567936	134021.141756
chr	92560	92580	81232.7538787	40287.567936	134021.141756
chr	92580	92620	81232.7538787	40287.567936	134021.141756
chr	92620	92640	81232.7538787	40287.567936	134021.141756
chr	92640	92700	77212.418683	40287.567936	89797.454603
chr	92700	92718	77212.418683	40287.567936	89797.454603
chr	92718	92840	74517.7063056	40287.567936	89797.454603
chr	92840	92940	74517.7063056	40287.567936	89797.454603
chr	92940	93000	74517.7063056	40287.567936	89797.454603
chr	93000	93080	74517.7063056	40287.567936	89797.454603
chr	93080	93140	71822.9939283	40287.567936	89797.454603
chr	93140	93160	71822.9939283	40287.567936	89797.454603
chr	93160	93281	73629.1803388	60155.618452	89797.454603
chr	93281	93320	69128.2815509	40287.567936	89797.454603
chr	93320	93340	69128.2815509	40287.567936	89797.454603
chr	93340	93403	69128.2815509	40287.567936	89797.454603
chr	93403	93480	64756.1170112	12061.808515	89797.454603
chr	93480	93538	67450.8293885	12061.808515	89797.454603
chr	93538	93560	61739.2969995	12061.808515	89797.454603
chr	93560	93580	61739.2969995	12061.808515	89797.454603
chr	93580	93640	61739.2969995	12061.808515	89797.454603
chr	93640	93660	61739.2969995	12061.808515	89797.454603
chr	93660	93700	59044.5846221	12061.808515	89797.454603
chr	93700	93740	59044.5846221	12061.808515	89797.454603
chr	93740	93780	57689.2400941	12061.808515	89797.454603
chr	93780	93800	57689.2400941	12061.808515	89797.454603
chr	93800	93880	57689.2400941	12061.808515	89797.454603
chr	93880	93940	59044.5846221	12061.808515	89797.454603
chr	93940	93960	59044.5846221	12061.808515	89797.454603
chr	93960	93980	59044.5846221	12061.808515	89797.454603
chr	93980	94099	59044.5846221	12061.808515	89797.454603
chr	94099	94119	59044.5846221	12061.808515	89797.454603
chr	94119	94180	56349.8722447	12061.808515	89797.454603
chr	94180	94300	56349.8722447	12061.808515	89797.454603
chr	94300	94343	63064.9198178	12061.808515	134021.141756
chr	94343	94400	63064.9198178	12061.808515	134021.141756
chr	94400	94480	63064.9198178	12061.808515	134021.141756
chr	94480	94500	61258.7334073	12061.808515	134021.141756
chr	94500	94660	63953.4457846	12061.808515	134021.141756
chr	94660	94680	61258.7334073	12061.808515	134021.141756
chr	94680	94720	66648.158162	12061.808515	134021.141756
chr	94720	94740	66648.158162	12061.808515	134021.141756
chr	94740	94760	66648.158162	12061.808515	134021.141756
chr	94760	94860	63953.4457846	12061.808515	134021.141756
chr	94860	94880	61258.7334073	12061.808515	134021.141756
chr	94880	94900	61258.7334073	12061.808515	134021.141756
chr	94900	94940	61258.7334073	12061.808515	134021.141756
chr	94940	94980	61258.7334073	12061.808515	134021.141756
chr	94980	95000	58564.0210299	12061.808515	134021.141756
chr	95000	95040	69651.2331427	26970.598323	134021.141756
chr	95040	95140	78172.4671264	26970.598323	134021.141756
chr	95140	95160	78172.4671264	26970.598323	134021.141756
chr	95160	95180	74344.1950364	18044.625462	134021.141756
chr	95180	95220	64612.3274515	18044.625462	134021.141756
chr	95220	95260	64612.3274515	18044.625462	134021.141756
chr	95260	95340	58785.8058453	18044.625462	134021.141756
chr	95340	95440	52070.7582722	18044.625462	89797.454603
chr	95440	95460	50264.5718616	18044.625462	89797.454603
chr	95460	95480	50264.5718616	18044.625462	89797.454603
chr	95480	95520	50264.5718616	18044.625462	89797.454603
chr	95520	95560	50264.5718616	18044.625462	89797.454603
chr	95560	95600	47569.8594843	18044.625462	89797.454603
chr	95600	95620	47569.8594843	18044.625462	89797.454603
chr	95620	95636	51398.1315743	26970.598323	89797.454603
chr	95636	95656	51398.1315743	26970.598323	89797.454603
chr	95656	95680	51398.1315743	26970.598323	89797.454603
chr	95680	95700	48381.3115625	26970.598323	89797.454603
chr	95700	95860	51076.0239399	26970.598323	89797.454603
chr	95860	96000	51076.0239399	26970.598323	89797.454603
chr	96000	96040	51076.0239399	26970.598323	89797.454603
chr	96040	96080	48059.2039282	26970.598323	89797.454603
chr	96080	96180	48059.2039282	26970.598323	89797.454603
chr	96180	96220	46253.0175176	26970.598323	89797.454603
chr	96220	96380	46253.0175176	26970.598323	89797.454603
chr	96380	96420	45441.5654394	18044.625462	89797.454603
chr	96420	96564	45441.5654394	18044.625462	89797.454603
chr	96564	96620	49461.9006351	18044.625462	134021.141756
chr	96620	96680	51268.0870456	18044.625462	134021.141756
chr	96680	96780	42539.7346448	18044.625462	134021.141756
chr	96780	96900	42539.7346448	18044.625462	134021.141756
chr	96900	96920	41728.2825665	18044.625462	134021.141756
chr	96920	97120	38711.4625548	18044.625462	134021.141756
chr	97120	97160	37500.8289536	18044.625462	134021.141756
chr	97160	97300	37500.8289536	18044.625462	134021.141756
chr	97300	97320	37500.8289536	18044.625462	134021.141756
chr	97320	97340	37500.8289536	18044.625462	134021.141756
chr	97340	97360	43212.3613427	18044.625462	134021.141756
chr	97360	97420	36497.3137696	18044.625462	89797.454603
chr	97420	97640	31996.4149817	18044.625462	60155.618452
chr	97640	97660	35013.2349935	18044.625462	60155.618452
chr	97660	97680	40724.7673825	18044.625462	89797.454603
chr	97680	97802	33657.8904655	12061.808515	60155.618452
chr	97802	97880	31851.7040549	12061.808515	60155.618452
chr	97880	97920	28834.8840432	12061.808515	40287.567936
chr	97920	98020	30641.0704537	12061.808515	60155.618452
chr	98020	98040	30097.178004	12061.808515	60155.618452
chr	98040	98100	30097.178004	12061.808515	60155.618452
chr	98100	98180	28886.5444028	12061.808515	60155.618452
chr	98180	98200	28886.5444028	12061.808515	60155.618452
chr	98200	98660	30692.7308134	12061.808515	60155.618452
chr	98660	98780	30692.7308134	12061.808515	60155.618452
chr	98780	98820	30692.7308134	12061.808515	60155.618452
chr	98820	98940	30692.7308134	12061.808515	60155.618452
chr	98940	99020	27675.9108016	12061.808515	60155.618452
chr	99020	99040	27675.9108016	12061.808515	60155.618452
chr	99040	99060	27675.9108016	12061.808515	60155.618452
chr	99060	99100	27675.9108016	12061.808515	60155.618452
chr	99100	99140	28886.5444028	12061.808515	60155.618452
chr	99140	99260	28886.5444028	12061.808515	60155.618452
chr	99260	99320	28886.5444028	12061.808515	60155.618452
chr	99320	99400	25602.1647625	12061.808515	40287.567936
chr	99400	99460	24391.5311614	12061.808515	40287.567936
chr	99460	99580	24391.5311614	12061.808515	40287.567936
chr	99580	99620	28763.6957011	18044.625462	60155.618452
chr	99620	99680	28763.6957011	18044.625462	60155.618452
chr	99680	99800	31458.4080785	18044.625462	89797.454603
chr	99800	100000	31458.4080785	18044.625462	89797.454603
